4294967278,390
4294967279,539
4294967278,256
4294967279,324
4294967278,355
4294967278,364
4294967278,327
4294967278,63
4294967278,62
4294967278,61
4294967278,60
4294967278,59
4294967278,58
4294967278,57
4294967278,56
4294967278,314
4294967278,55
4294967278,54
4294967278,53
4294967278,52
4294967278,51
4294967278,50
4294967278,49
4294967278,48
4294967278,47
4294967278,46
4294967278,45
4294967278,44
4294967278,43
4294967278,42
4294967278,41
4294967278,40
4294967278,39
4294967278,38
4294967278,37
4294967278,36
4294967278,35
4294967278,34
4294967278,33
4294967278,32
4294967278,300
4294967278,31
4294967278,30
4294967278,29
4294967278,28
4294967278,27
4294967278,26
4294967278,25
4294967278,24
4294967278,23
4294967278,22
4294967278,297
4294967278,21
4294967278,20
4294967278,19
4294967278,18
4294967278,17
4294967278,16
4294967278,15
4294967278,14
4294967279,89
4294967279,87
4294967279,86
4294967279,85
4294967279,84
4294967279,83
4294967279,78
4294967279,77
4294967279,322
4294967279,75
4294967279,74
4294967279,73
4294967279,566
4294967279,69
4294967279,575
4294967279,68
4294967279,67
4294967279,512
4294967279,66
4294967279,62
4294967279,60
4294967279,58
4294967279,57
4294967279,55
4294967279,54
4294967279,53
4294967279,51
4294967279,49
4294967279,48
4294967279,45
4294967279,43
4294967279,42
4294967279,41
4294967279,39
4294967279,37
4294967279,36
4294967279,35
4294967279,32
4294967279,30
4294967279,28
4294967279,27
4294967279,26
4294967279,25
4294967279,23
4294967279,21
4294967279,269
4294967279,267
4294967279,19
4294967279,266
4294967279,325
4294967279,16
4294967279,14
4294967279,13
4294967279,11
4294967279,10
4294967279,9
4294967279,334
4294967278,354
4294967278,352
4294967279,243
4294967279,241
4294967278,240
4294967279,239
4294967278,234
4294967278,232
4294967278,230
4294967278,228
4294967278,224
4294967278,222
4294967278,217
4294967278,214
4294967278,213
4294967278,212
4294967278,211
4294967278,209
4294967278,206
171,6
4294967278,208
171,5
171,4
4294967278,207
171,3
171,2
171,1
4294967278,403
4294967294,436
4294967278,380
4294967278,367
4294967278,260
4294967278,0
4294967279,204
4294967278,342
4294967279,203
4294967278,202
4294967294,966
4294967278,201
4294967278,379
4294967278,200
4294967278,199
4294967278,198
4294967278,197
4294967279,197
4294967278,194
4294967278,193
4294967278,192
4294967279,516
4294967278,333
4294967278,384
4294967278,188
4294967294,396
4294967294,1416
4294967294,400
4294967294,420
4294967294,178
4294967294,406
4294967294,177
4294967294,948
4294967294,168
4294967294,167
4294967294,191
4294967294,398
4294967294,443
4294967294,405
4294967294,118
4294967294,454
4294967294,399
4294967294,1413
4294967294,188
4294967294,917
4294967294,918
4294967294,904
4294967279,188
4294967278,331
4294967278,186
4294967278,185
4294967279,182
4294967278,184
168,6
4294967279,184
168,5
168,4
168,3
168,2
168,1
4294967278,329
4294967279,551
4294967278,179
4294967279,549
4294967279,547
165,4
4294967279,165
165,3
165,2
165,1
4294967279,305
4294967279,163
4294967279,162
164,4
164,3
164,2
164,1
4294967279,161
4294967279,314
163,5
4294967278,156
4294967279,155
163,4
4294967279,154
163,3
163,2
163,1
4294967279,153
4294967294,393
4294967294,388
4294967294,115
4294967279,150
162,6
4294967279,149
4294967279,148
162,5
4294967278,147
4294967278,146
162,4
162,3
162,2
162,1
4294967278,145
4294967279,144
161,5
4294967279,139
161,4
161,3
161,2
161,1
0,7
4294967294,470
4294967294,468
4294967294,392
4294967294,114
4294967294,120
4294967279,344
4294967279,135
4294967294,387
4294967294,386
4294967278,133
4294967294,469
4294967278,402
4294967279,282
4294967278,284
4294967294,389
4294967278,273
4294967278,286
4294967279,343
4294967278,283
4294967294,418
4294967279,286
4294967279,264
4294967279,297
4294967278,391
4294967278,296
4294967279,276
4294967278,282
4294967279,289
4294967294,2
4294967294,89
4294967294,173
4294967294,162
4294967294,899
4294967294,182
4294967278,265
4294967278,266
4294967294,902
4294967294,46
4294967294,1
4294967294,903
4294967294,185
4294967294,28
4294967294,0
4294967279,273
4294967278,280
4294967294,107
4294967294,91
4294967294,90
4294967294,87
4294967294,86
4294967294,85
4294967294,84
4294967294,950
4294967294,949
4294967294,29
4294967294,921
4294967294,920
4294967294,27
4294967294,53
4294967294,1417
4294967294,45
4294967294,426
4294967294,44
4294967294,40
4294967294,38
4294967294,37
4294967294,36
4294967294,96
4294967294,94
4294967294,9
4294967279,257
4294967294,8
4294967279,287
4294967278,293
4294967279,256
4294967294,93
4294967294,95
4294967294,1415
4294967294,50
4294967294,471
4294967294,12
4294967294,92
4294967294,88
4294967294,11
4294967294,68
4294967278,375
4294967279,281
4294967278,132
4294967278,131
4294967278,130
4294967278,129
4294967278,128
4294967278,126
4294967278,125
4294967278,124
4294967278,123
4294967278,122
4294967278,121
4294967278,120
4294967278,119
4294967278,118
4294967278,117
4294967278,113
4294967278,111
4294967278,110
4294967278,109
4294967278,108
4294967278,107
4294967278,106
4294967278,103
4294967278,101
4294967278,100
4294967278,99
4294967278,98
4294967278,97
4294967278,96
4294967278,95
4294967278,94
4294967278,92
4294967278,89
4294967278,86
4294967278,85
4294967278,84
